11
0
140
135
70
127
27
94
142
132
90
93
103
120
68
186
122
57
134
154
224
211
86
59
67
157
133
179
239
88
108
249
190
275
94
203
157
117
86
90
66
141
190
80
63
30
137
175
70
123
114
86
116
118
161
204
205
300
323
319
269
338
339
328
320
194
247
271
286
202
212
194
178
189
218
80
7
99
73
127
131
129
45
102
74
274
246
297
384
370
414
509
474
607
676
729
691
748
722
785
848
884
615
512
532
590
496
545
426
457
494
547
642
658
536
583
529
410
399
460
482
501
498
585
390
341
422
386
389
418
527
592
514
570
620
674
509
500
390
400
355
320
367
400
305
209
174
134
72
202
343
360
308
397
216
273
267
227
301
465
439
500
505
572
602
579
332
197
383
318
462
497
555
513
415
518
509
530
338
354
443
424
488
316
389
386
399
411
370
465
381
433
407
305
324
290
359
379
441
318
177
40
108
145
205
67
134
207
161
128
202
294
354
364
364
262
144
388
383
405
350
418
445
406
276
215
302
252
264
335
365
314
303
378
340
150
201
209
86
37
43
59
112
135
88
92
139
92
79
422
223
137
70
141
382
450
382
594
592
611
587
724
949
882
726
710
668
689
728
659
673
676
733
719
599
612
525
605
641
659
729
613
581
558
514
552
594
653
602
675
598
565
506
678
709
748
824
902
856
869
768
723
645
755
679
711
927
854
809
750
719
773
845
795
815
850
849
860
771
757
740
690
637
681
658
670
734
671
774
767
865
928
952
906
972
958
976
965
884
839
819
867
889
907
893
977
937
900
816
789
771
771
837
785
803
876
810
899
865
923
956
942
831
887
962
999
1003
1064
1022
921
1054
1118
1160
1185
1128
1169
1182
1193
1148
1174
1234
1212
1200
1042
1036
1065
1147
1041
1105
1083
1157
1139
1239
1234
1449
1445
1325
1283
1245
1314
1299
1254
1340
1244
1210
1213
1210
1150
1249
1244
1267
1220
1261
1259
1227
1281
1294
1302
1352
1242
1127
1119
1033
1070
1068
1107
1128
1149
1128
1045
1081
1082
1023
1102
1156
1128
1117
1055
1046
1184
1140
1153
1185
1156
1173
1167
1224
1211
1283
1223
1239
1157
1133
1186
1172
1225
1247
1155
1096
1077
1079
1121
1184
1180
1191
1268
1296
1339
1379
1363
1281
1289
1329
1358
1403
1420
1408
1450
1575
1523
1511
1501
1564
1556
1654
1443
1324
1358
1438
1418
1431
1455
1349
1383
1397
1505
1565
1487
1521
1492
1504
1402
1348
1186
1425
1372
1413
1398
1250
1244
1291
1299
1320
1298
1347
1288
1319
1670
1662
1357
1751
1761
1441
1550
1797
1457
1375
1197
1242
1288
1251
1190
1317
1267
1357
1302
1165
1270
1246
1221
1139
1215
1208
1084
1171
1132
1055
1178
1140
1179
1172
1222
1184
1252
1264
1212
1244
1351
1274
1220
1212
1298
1273
1211
1174
1184
1203
1245
1284
1225
1160
1324
1289
1295
1275
1212
1255
1216
1177
1276
1322
1250
1326
1269
1202
